Chain:

    [1 1 1 1 2 2 2 3 4 5]
 + 1[2 2 2 3 3 4        ]
    [3 4 5 5 5 5        ]

Weight Matrix
[ 1  1  1  1  0  0  0  0  0  0 -1]
[ 1  1  1  0  1  1  1  0  0  0 -1]
[ 1  0  0  1  1  0  0  1  0  0 -1]
[ 0  1  0  0  0  1  0  0  1  0 -1]
[ 0  0  1  1  1  1  0  0  0  1 -1]
[ 1  1  1  1  1  1  0  0  0  0 -1]
[ 0  0  0  0  0  0  1  1  1  1 -2]

Hilbert basis tableau and vector

    [1 3 5]
 + 1[2    ]
    [4    ],(0, 1, 0, 0, 0, 0, 0, 1, 0, 1, 1)

    [1 4 5]
 + 1[2    ]
    [3    ],(1, 0, 0, 0, 0, 0, 0, 0, 1, 1, 1)

    [1 2 4]
 + 1[3    ]
    [5    ],(0, 0, 0, 1, 0, 0, 1, 0, 1, 0, 1)

    [1 3 4]
 + 1[2    ]
    [5    ],(0, 0, 1, 0, 0, 0, 0, 1, 1, 0, 1)