Chain:

    [1 1 1 1 1 1 2 3 3 4 4 4 5]
 + 1[2 2 3 3 3 4 4 4 5 5 5 6 6]
    [3 4 4 5 6 6 6 6 6 6 7 7 7]

Weight Matrix
[ 1  1  1  1  1  1  0  0  0  0  0  0  0 -3]
[ 1  1  0  0  0  0  1  0  0  0  0  0  0 -3]
[ 1  0  1  1  1  0  0  1  1  0  0  0  0 -3]
[ 0  1  1  0  0  1  1  1  0  1  1  1  0 -3]
[ 0  0  0  1  0  0  0  0  1  1  1  0  1 -3]
[ 0  0  0  0  1  1  1  1  1  1  0  1  1 -3]
[ 0  0  0  0  0  0  0  0  0  0  1  1  1 -3]
[ 1  1  1  1  1  1  1  1  1  1  1  1  1 -7]

Hilbert basis tableau and vector

    [1 1 1 1 1 1 2 3 4 4 4 4 5 5]
 + 1[2 2 2 2 2 4 4 5 5 5 5 6 6 6]
    [3 3 3 3 3 6 6 6 7 7 7 7 7 7],(5, 0, 0, 0, 0, 1, 1, 0, 1, 0, 3, 1, 2, 2)

    [1 1 1 1 1 1 2 3 4 4 4 5 5 5]
 + 1[2 2 2 2 2 4 4 4 5 5 5 6 6 6]
    [3 3 3 3 3 6 6 6 7 7 7 7 7 7],(5, 0, 0, 0, 0, 1, 1, 1, 0, 0, 3, 0, 3, 2)

    [1 1 1 3 4 5 5]
 + 1[2 2 2 4 5 6 6]
    [3 3 4 6 7 7 7],(2, 1, 0, 0, 0, 0, 0, 1, 0, 0, 1, 0, 2, 1)

    [1 1 1 4 4 4 5]
 + 1[2 2 2 5 5 6 6]
    [3 3 3 6 7 7 7],(3, 0, 0, 0, 0, 0, 0, 0, 0, 1, 1, 1, 1, 1)

    [1 1 1 3 4 4 5]
 + 1[2 2 2 5 5 6 6]
    [3 3 4 6 7 7 7],(2, 1, 0, 0, 0, 0, 0, 0, 1, 0, 1, 1, 1, 1)

    [1 1 1 2 4 5 5]
 + 1[2 2 3 4 5 6 6]
    [3 3 4 6 7 7 7],(2, 0, 1, 0, 0, 0, 1, 0, 0, 0, 1, 0, 2, 1)

    [1 1 1 2 4 4 5]
 + 1[2 2 3 4 5 6 6]
    [3 3 5 6 7 7 7],(2, 0, 0, 1, 0, 0, 1, 0, 0, 0, 1, 1, 1, 1)

    [1 1 1 2 4 4 5]
 + 1[2 2 3 4 5 5 6]
    [3 3 6 6 7 7 7],(2, 0, 0, 0, 1, 0, 1, 0, 0, 0, 2, 0, 1, 1)